1 10 20
100 200 125
201 210 89
900 1000 174
1 1 1
10 1 20
1000 900 174
1 999999 525
999999 1 525
2 80000 351
80000 2 351
3 4 8
4 3 8
800 800 29
500 900532 525
900532 500 525
2 899566 525
899566 2 525
700000 999000 525
999000 700000 525
999999 999999 259
25 36 112
36 25 112
580 69000 340
69000 580 340
123456 987654 525
987654 123456 525
555555 555556 178
555556 555555 178
250 3000 217
3000 250 217
888888 888888 119
4500 100444 351
100444 4500 351
100001 100001 90
3666 630000 509
630000 3666 509
38 380 144
380 38 144
4 4000 238
4000 4 238
244444 700444 509
700444 244444 509
44444 88888 351
88888 44444 351
6464 646464 509
646464 6464 509
1000 100000 351
100000 1000 351
1 50 112
50 1 112
52 52 12
5300 5300 29
544444 545454 315
545454 544444 315
8 999008 525
999008 8 525
321 987 179
987 321 179
6000 60001 340
60001 6000 340
626262 626263 111
626263 626262 111
6 46 112
46 6 112
66 660 145
660 66 145
68 696969 509
696969 68 509
700000 900007 525
900007 700000 525
72000 720000 509
720000 72000 509
74444 75555 325
75555 74444 325
766777 777766 468
777766 766777 468
1278 4512 238
4512 1278 238
8 9 20
9 8 20
888 8882 262
8882 888 262
844444 848484 419
848484 844444 419
86 866 171
866 86 171
8888 88888 351
88888 8888 351
9 90 116
90 9 116
9 920 179
920 9 179
94000 94001 147
94001 94000 147
123999 999123 525
999123 123999 525
10 999990 525
999990 10 525
100 100 26
10101 10101 43
10222 12222 268
12222 10222 268
104000 904000 525
904000 104000 525
